import { Car } from "@/types";

export const carsData: Car[] = [
  {
    id: "1",
    brand: "BMW",
    model: "3 Series",
    variant: "330i M Sport",
    year: 2021,
    mileage: 25000,
    transmission: "Automatic",
    fuelType: "Petrol",
    price: 4500000,
    image: "https://images.unsplash.com/photo-1617531653332-bd46c24f2068?w=1200&q=80",
    images: [
      "https://images.unsplash.com/photo-1617531653332-bd46c24f2068?w=1200&q=80",
      "https://images.unsplash.com/photo-1555215695-3004980ad54e?w=1200&q=80",
      "https://images.unsplash.com/photo-1603584173870-7f23fdae1b7a?w=1200&q=80",
    ],
    description: "Premium BMW 3 Series with M Sport package. Single owner, meticulously maintained. Full service history available.",
    specifications: {
      engine: "2.0L Turbo Petrol",
      power: "258 HP",
      torque: "400 Nm",
      seats: 5,
      colors: ["Alpine White", "Mineral Grey", "Jet Black"],
    },
  },
  {
    id: "2",
    brand: "BMW",
    model: "5 Series",
    variant: "530d Luxury Line",
    year: 2020,
    mileage: 35000,
    transmission: "Automatic",
    fuelType: "Diesel",
    price: 6500000,
    image: "https://images.unsplash.com/photo-1555215695-3004980ad54e?w=1200&q=80",
    images: [
      "https://images.unsplash.com/photo-1555215695-3004980ad54e?w=1200&q=80",
      "https://images.unsplash.com/photo-1617531653332-bd46c24f2068?w=1200&q=80",
      "https://images.unsplash.com/photo-1603584173870-7f23fdae1b7a?w=1200&q=80",
    ],
    description: "Executive luxury sedan with premium features. Leather upholstery, panoramic sunroof, and advanced safety systems.",
    specifications: {
      engine: "3.0L Turbo Diesel",
      power: "265 HP",
      torque: "620 Nm",
      seats: 5,
      colors: ["Sophisto Grey", "Carbon Black", "Bluestone Metallic"],
    },
  },
  {
    id: "3",
    brand: "Jaguar",
    model: "XF",
    variant: "Portfolio 25t",
    year: 2022,
    mileage: 18000,
    transmission: "Automatic",
    fuelType: "Petrol",
    price: 5500000,
    image: "https://images.unsplash.com/photo-1603584173870-7f23fdae1b7a?w=1200&q=80",
    images: [
      "https://images.unsplash.com/photo-1603584173870-7f23fdae1b7a?w=1200&q=80",
      "https://images.unsplash.com/photo-1555215695-3004980ad54e?w=1200&q=80",
      "https://images.unsplash.com/photo-1617531653332-bd46c24f2068?w=1200&q=80",
    ],
    description: "British elegance meets modern technology. Low mileage, certified pre-owned with extended warranty available.",
    specifications: {
      engine: "2.0L Turbo Petrol",
      power: "247 HP",
      torque: "365 Nm",
      seats: 5,
      colors: ["Flux Grey", "Santorini Black", "Caldera Red"],
    },
  },
  {
    id: "4",
    brand: "Mini",
    model: "Cooper S",
    variant: "JCW Edition",
    year: 2021,
    mileage: 22000,
    transmission: "Automatic",
    fuelType: "Petrol",
    price: 3800000,
    image: "https://images.unsplash.com/photo-1603584173870-7f23fdae1b7a?w=1200&q=80",
    images: [
      "https://images.unsplash.com/photo-1603584173870-7f23fdae1b7a?w=1200&q=80",
      "https://images.unsplash.com/photo-1555215695-3004980ad54e?w=1200&q=80",
    ],
    description: "Iconic Mini Cooper S with John Cooper Works styling. Sporty and fun, perfect for city driving.",
    specifications: {
      engine: "2.0L Turbo Petrol",
      power: "192 HP",
      torque: "280 Nm",
      seats: 5,
      colors: ["Pepper White", "British Racing Green", "Thunder Grey"],
    },
  },
  {
    id: "5",
    brand: "Rolls-Royce",
    model: "Ghost",
    variant: "Series II",
    year: 2020,
    mileage: 15000,
    transmission: "Automatic",
    fuelType: "Petrol",
    price: 150000000,
    image: "https://images.unsplash.com/photo-1603584173870-7f23fdae1b7a?w=1200&q=80",
    images: [
      "https://images.unsplash.com/photo-1603584173870-7f23fdae1b7a?w=1200&q=80",
      "https://images.unsplash.com/photo-1555215695-3004980ad54e?w=1200&q=80",
      "https://images.unsplash.com/photo-1617531653332-bd46c24f2068?w=1200&q=80",
    ],
    description: "The epitome of luxury. Ultra-low mileage Rolls-Royce Ghost with bespoke features and impeccable condition.",
    specifications: {
      engine: "6.6L Twin-Turbo V12",
      power: "563 HP",
      torque: "780 Nm",
      seats: 5,
      colors: ["Diamond Black", "Arctic White", "Bourbon"],
    },
  },
];

export const brands = ["BMW", "Jaguar", "Mini", "Rolls-Royce"];

